Multiple size <= 100
TEST 1 ARG:74 50 32 68 39 36 6 4 12 80 95 18 26 11 65 82 85 60 38 7 93 42 41 8 43 57 55 54 49 28 24 52 48 35 13 21 61 37 0 78 58 53 25 71 67 33 77 40 64 98 97 22 51 19 45 15 3 83 5 70 44 14 75 46 34 47 17 27 30 96 99 31 90 66 23 79 9 73 94 92 1 89 59 88 87 16 63 91 84 29 69 2 56 72 20 76 81 62 10 86
TEST 1 ARG:74 50 32 68 39 36 6 4 12 80 95 18 26 11 65 82 85 60 38 7 93 42 41 8 43 57 55 54 49 28 24 52 48 35 13 21 61 37 0 78 58 53 25 71 67 33 77 40 64 98 97 22 51 19 45 15 3 83 5 70 44 14 75 46 34 47 17 27 30 96 99 31 90 66 23 79 9 73 94 92 1 89 59 88 87 16 63 91 84 29 69 2 56 72 20 76 81 62 10 86
TEST 2 ARG:26 83 35 48 11 27 9 92 87 47 82 98 81 57 51 34 43 22 73 54 15 44 52 64 71 77 10 94 58 14 72 18 41 65 23 86 36 62 91 37 31 3 78 29 4 56 69 95 5 25 53 75 1 46 76 90 79 39 85 19 96 55 40 59 45 28 60 12 6 17 24 16 93 8 88 32 80 13 89 70 7 74 42 30 33 67 61 66 0 99 20 63 97 21 68 50 38 49 2 84
TEST 2 ARG:26 83 35 48 11 27 9 92 87 47 82 98 81 57 51 34 43 22 73 54 15 44 52 64 71 77 10 94 58 14 72 18 41 65 23 86 36 62 91 37 31 3 78 29 4 56 69 95 5 25 53 75 1 46 76 90 79 39 85 19 96 55 40 59 45 28 60 12 6 17 24 16 93 8 88 32 80 13 89 70 7 74 42 30 33 67 61 66 0 99 20 63 97 21 68 50 38 49 2 84
TEST 3 ARG:68 10 88 19 29 21 65 95 96 28 22 94 72 93 91 42 39 60 25 43 55 50 79 8 48 15 69 70 74 57 73 56 45 84 81 0 98 24 90 14 75 87 44 7 51 12 16 3 31 64 6 30 67 27 17 1 49 92 38 61 89 63 26 9 77 62 5 33 40 18 58 46 76 53 99 11 4 35 66 41 54 52 71 34 78 59 97 37 83 80 85 32 86 2 82 47 20 23 36 13
TEST 4 ARG:75 4 82 39 90 99 58 66 77 2 13 42 63 61 38 69 51 34 47 94 96 68 37 40 52 97 98 49 56 74 31 15 17 48 73 64 83 9 95 44 86 7 19 10 23 43 91 76 92 28 87 57 36 16 59 33 62 88 21 0 14 80 46 41 70 81 8 71 24 79 65 53 25 1 45 27 55 18 54 29 22 89 5 3 67 60 20 12 32 50 84 11 85 35 93 78 30 26 72 6
TEST 4 ARG:75 4 82 39 90 99 58 66 77 2 13 42 63 61 38 69 51 34 47 94 96 68 37 40 52 97 98 49 56 74 31 15 17 48 73 64 83 9 95 44 86 7 19 10 23 43 91 76 92 28 87 57 36 16 59 33 62 88 21 0 14 80 46 41 70 81 8 71 24 79 65 53 25 1 45 27 55 18 54 29 22 89 5 3 67 60 20 12 32 50 84 11 85 35 93 78 30 26 72 6
TEST 5 ARG:7 33 0 63 65 51 26 87 10 62 96 39 54 6 32 80 75 78 47 5 16 17 91 35 13 58 30 73 79 11 53 31 29 72 89 97 99 67 81 8 94 88 28 15 98 36 44 24 40 23 25 46 41 19 86 71 64 20 93 77 43 76 45 57 18 27 59 55 49 70 66 22 3 92 12 74 2 83 68 50 82 1 61 14 85 9 37 95 21 42 34 60 52 38 48 69 4 84 56 90
TEST 5 ARG:7 33 0 63 65 51 26 87 10 62 96 39 54 6 32 80 75 78 47 5 16 17 91 35 13 58 30 73 79 11 53 31 29 72 89 97 99 67 81 8 94 88 28 15 98 36 44 24 40 23 25 46 41 19 86 71 64 20 93 77 43 76 45 57 18 27 59 55 49 70 66 22 3 92 12 74 2 83 68 50 82 1 61 14 85 9 37 95 21 42 34 60 52 38 48 69 4 84 56 90
TEST 6 ARG:27 2 36 72 25 97 59 65 95 32 26 66 99 17 42 84 90 15 46 3 82 10 64 49 57 37 96 41 13 69 85 21 11 53 73 50 68 30 94 92 24 19 76 44 20 16 81 35 56 7 67 83 14 6 54 58 86 89 88 48 40 33 60 9 23 1 75 29 0 18 62 71 4 38 93 31 77 98 87 47 39 52 34 43 45 70 80 51 28 12 55 8 78 5 22 91 61 74 79 63
TEST 6 ARG:27 2 36 72 25 97 59 65 95 32 26 66 99 17 42 84 90 15 46 3 82 10 64 49 57 37 96 41 13 69 85 21 11 53 73 50 68 30 94 92 24 19 76 44 20 16 81 35 56 7 67 83 14 6 54 58 86 89 88 48 40 33 60 9 23 1 75 29 0 18 62 71 4 38 93 31 77 98 87 47 39 52 34 43 45 70 80 51 28 12 55 8 78 5 22 91 61 74 79 63
TEST 7 ARG:0 92 90 97 43 38 79 17 51 47 42 32 67 63 1 75 78 81 94 40 7 52 48 64 50 99 23 25 3 30 12 5 85 36 84 45 59 39 68 37 73 53 18 66 6 65 95 56 41 82 31 57 74 2 4 22 10 13 46 88 91 96 80 21 14 33 93 61 8 20 27 87 11 98 49 26 28 15 16 69 35 71 29 58 34 76 77 86 19 9 54 60 62 70 89 55 24 83 44 72
TEST 7 ARG:0 92 90 97 43 38 79 17 51 47 42 32 67 63 1 75 78 81 94 40 7 52 48 64 50 99 23 25 3 30 12 5 85 36 84 45 59 39 68 37 73 53 18 66 6 65 95 56 41 82 31 57 74 2 4 22 10 13 46 88 91 96 80 21 14 33 93 61 8 20 27 87 11 98 49 26 28 15 16 69 35 71 29 58 34 76 77 86 19 9 54 60 62 70 89 55 24 83 44 72
TEST 8 ARG:76 24 4 12 61 37 36 28 95 64 3 68 16 88 11 0 54 1 97 34 44 62 6 80 72 60 79 56 58 52 65 39 90 87 83 32 38 98 18 55 89 74 8 84 35 26 23 17 2 45 70 86 31 41 94 53 19 25 63 71 78 99 47 49 5 69 46 67 93 43 9 7 81 73 42 85 48 29 96 82 75 40 51 30 92 10 50 14 27 15 21 13 66 57 91 20 77 22 33 59
TEST 8 ARG:76 24 4 12 61 37 36 28 95 64 3 68 16 88 11 0 54 1 97 34 44 62 6 80 72 60 79 56 58 52 65 39 90 87 83 32 38 98 18 55 89 74 8 84 35 26 23 17 2 45 70 86 31 41 94 53 19 25 63 71 78 99 47 49 5 69 46 67 93 43 9 7 81 73 42 85 48 29 96 82 75 40 51 30 92 10 50 14 27 15 21 13 66 57 91 20 77 22 33 59
TEST 9 ARG:22 61 24 7 26 89 40 53 23 81 13 17 67 50 11 37 63 35 65 98 5 43 42 82 79 56 19 80 1 73 46 16 86 96 74 31 77 85 51 75 14 10 28 48 9 21 12 57 47 84 49 64 69 52 78 92 8 29 38 68 30 27 2 25 6 32 88 97 72 62 34 41 87 66 60 90 33 39 15 36 95 18 54 71 55 93 83 99 3 91 0 70 59 20 94 45 44 76 4 58
TEST 9 ARG:22 61 24 7 26 89 40 53 23 81 13 17 67 50 11 37 63 35 65 98 5 43 42 82 79 56 19 80 1 73 46 16 86 96 74 31 77 85 51 75 14 10 28 48 9 21 12 57 47 84 49 64 69 52 78 92 8 29 38 68 30 27 2 25 6 32 88 97 72 62 34 41 87 66 60 90 33 39 15 36 95 18 54 71 55 93 83 99 3 91 0 70 59 20 94 45 44 76 4 58
TEST 10 ARG:98 72 39 71 69 58 14 44 91 19 61 5 31 12 4 6 96 95 63 64 28 93 68 85 62 89 56 99 54 87 45 13 15 9 11 80 94 52 53 47 74 0 17 43 1 42 32 92 3 88 55 76 16 81 83 27 77 26 37 46 82 90 7 30 41 29 73 35 8 21 84 22 48 25 65 40 36 20 75 60 10 79 67 51 70 34 66 33 59 2 57 86 23 18 38 78 24 50 97 49
TEST 10 ARG:98 72 39 71 69 58 14 44 91 19 61 5 31 12 4 6 96 95 63 64 28 93 68 85 62 89 56 99 54 87 45 13 15 9 11 80 94 52 53 47 74 0 17 43 1 42 32 92 3 88 55 76 16 81 83 27 77 26 37 46 82 90 7 30 41 29 73 35 8 21 84 22 48 25 65 40 36 20 75 60 10 79 67 51 70 34 66 33 59 2 57 86 23 18 38 78 24 50 97 49
TEST 11 ARG:98 43 2 54 81 1 11 39 35 62 59 16 52 21 28 27 15 56 69 31 10 97 8 6 37 96 34 75 71 60 3 58 77 68 95 94 47 57 78 29 91 19 13 17 89 87 30 72 67 76 66 36 7 4 40 63 44 46 99 32 41 48 65 93 74 85 53 64 88 83 20 61 9 73 23 0 38 50 45 90 70 24 25 51 22 5 18 84 49 82 92 80 26 79 12 42 33 14 55 86
TEST 11 ARG:98 43 2 54 81 1 11 39 35 62 59 16 52 21 28 27 15 56 69 31 10 97 8 6 37 96 34 75 71 60 3 58 77 68 95 94 47 57 78 29 91 19 13 17 89 87 30 72 67 76 66 36 7 4 40 63 44 46 99 32 41 48 65 93 74 85 53 64 88 83 20 61 9 73 23 0 38 50 45 90 70 24 25 51 22 5 18 84 49 82 92 80 26 79 12 42 33 14 55 86
TEST 12 ARG:27 75 86 89 44 80 24 29 51 21 6 97 28 54 99 3 57 14 60 50 25 16 15 72 87 52 32 94 12 76 10 8 70 92 47 26 61 45 36 78 5 0 46 88 62 93 48 69 67 90 56 43 85 9 40 96 68 84 20 95 58 98 17 33 82 7 79 77 38 74 23 59 83 35 71 91 39 55 18 66 41 81 37 4 30 22 53 73 49 34 1 64 63 2 13 19 42 65 31 11
TEST 12 ARG:27 75 86 89 44 80 24 29 51 21 6 97 28 54 99 3 57 14 60 50 25 16 15 72 87 52 32 94 12 76 10 8 70 92 47 26 61 45 36 78 5 0 46 88 62 93 48 69 67 90 56 43 85 9 40 96 68 84 20 95 58 98 17 33 82 7 79 77 38 74 23 59 83 35 71 91 39 55 18 66 41 81 37 4 30 22 53 73 49 34 1 64 63 2 13 19 42 65 31 11
TEST 13 ARG:17 3 48 82 47 99 91 96 67 83 87 16 79 20 5 36 1 40 8 24 0 69 93 18 31 43 58 14 37 88 32 76 11 35 28 19 56 6 98 57 46 25 70 45 95 80 84 65 66 81 10 77 38 63 9 12 89 27 97 41 71 2 74 61 75 62 90 73 92 13 85 42 50 7 54 78 94 64 51 33 59 49 34 15 55 53 21 72 23 29 4 26 60 39 52 44 30 68 86 22
TEST 13 ARG:17 3 48 82 47 99 91 96 67 83 87 16 79 20 5 36 1 40 8 24 0 69 93 18 31 43 58 14 37 88 32 76 11 35 28 19 56 6 98 57 46 25 70 45 95 80 84 65 66 81 10 77 38 63 9 12 89 27 97 41 71 2 74 61 75 62 90 73 92 13 85 42 50 7 54 78 94 64 51 33 59 49 34 15 55 53 21 72 23 29 4 26 60 39 52 44 30 68 86 22
TEST 14 ARG:28 79 85 33 5 27 67 14 77 1 11 24 47 98 57 89 70 0 2 40 29 43 91 86 94 90 96 92 78 51 31 45 35 8 41 32 69 36 71 59 75 44 53 34 63 82 73 49 37 88 46 19 81 97 26 7 68 42 87 58 48 20 15 23 25 21 66 3 38 12 18 72 39 60 16 74 56 54 65 13 62 64 22 30 4 50 9 93 61 55 52 80 84 17 10 83 95 99 76 6
TEST 14 ARG:28 79 85 33 5 27 67 14 77 1 11 24 47 98 57 89 70 0 2 40 29 43 91 86 94 90 96 92 78 51 31 45 35 8 41 32 69 36 71 59 75 44 53 34 63 82 73 49 37 88 46 19 81 97 26 7 68 42 87 58 48 20 15 23 25 21 66 3 38 12 18 72 39 60 16 74 56 54 65 13 62 64 22 30 4 50 9 93 61 55 52 80 84 17 10 83 95 99 76 6
TEST 15 ARG:39 67 76 66 11 41 13 24 56 20 40 8 27 3 1 99 46 78 84 54 92 87 85 10 61 34 9 18 70 23 19 7 0 14 48 65 74 68 69 32 44 16 35 4 25 37 45 83 89 73 79 29 75 26 38 12 82 94 51 55 33 50 53 95 30 90 17 91 42 93 58 77 59 64 81 49 36 60 86 97 96 57 98 88 22 31 28 47 72 6 62 71 63 5 21 80 15 52 2 43
TEST 15 ARG:39 67 76 66 11 41 13 24 56 20 40 8 27 3 1 99 46 78 84 54 92 87 85 10 61 34 9 18 70 23 19 7 0 14 48 65 74 68 69 32 44 16 35 4 25 37 45 83 89 73 79 29 75 26 38 12 82 94 51 55 33 50 53 95 30 90 17 91 42 93 58 77 59 64 81 49 36 60 86 97 96 57 98 88 22 31 28 47 72 6 62 71 63 5 21 80 15 52 2 43
TEST 16 ARG:65 8 90 72 56 87 71 83 97 15 84 12 36 39 32 57 42 85 47 78 91 41 27 45 14 61 38 49 20 62 58 26 37 40 95 89 96 73 24 88 6 77 48 60 55 67 4 80 22 33 98 52 66 23 44 10 74 21 68 19 75 1 94 54 17 18 16 35 7 31 30 13 51 82 9 34 0 28 76 11 53 46 29 50 92 64 79 63 2 86 59 3 25 43 93 99 70 69 81 5
TEST 16 ARG:65 8 90 72 56 87 71 83 97 15 84 12 36 39 32 57 42 85 47 78 91 41 27 45 14 61 38 49 20 62 58 26 37 40 95 89 96 73 24 88 6 77 48 60 55 67 4 80 22 33 98 52 66 23 44 10 74 21 68 19 75 1 94 54 17 18 16 35 7 31 30 13 51 82 9 34 0 28 76 11 53 46 29 50 92 64 79 63 2 86 59 3 25 43 93 99 70 69 81 5
TEST 17 ARG:37 93 11 86 27 60 66 48 0 55 85 41 29 30 64 38 15 9 47 6 35 69 21 3 96 88 36 65 83 16 57 24 40 13 79 39 87 50 5 91 17 73 1 99 84 26 14 68 4 45 71 78 25 63 32 8 20 22 94 62 31 82 58 90 18 52 28 10 53 46 75 49 59 61 51 77 76 54 44 42 80 2 34 70 98 56 72 89 95 92 7 81 23 74 19 43 97 33 12 67
TEST 17 ARG:37 93 11 86 27 60 66 48 0 55 85 41 29 30 64 38 15 9 47 6 35 69 21 3 96 88 36 65 83 16 57 24 40 13 79 39 87 50 5 91 17 73 1 99 84 26 14 68 4 45 71 78 25 63 32 8 20 22 94 62 31 82 58 90 18 52 28 10 53 46 75 49 59 61 51 77 76 54 44 42 80 2 34 70 98 56 72 89 95 92 7 81 23 74 19 43 97 33 12 67
TEST 18 ARG:81 44 37 38 51 67 23 6 35 5 73 97 16 74 33 99 89 84 1 9 54 56 90 10 66 86 78 52 15 34 71 98 68 80 94 92 36 28 82 59 13 64 24 87 26 3 50 58 55 63 22 39 45 41 91 12 76 21 11 53 60 61 83 47 96 2 75 88 77 79 57 43 69 17 27 85 42 0 19 14 48 32 62 65 46 20 70 30 93 4 95 72 18 7 31 49 25 8 29 40
TEST 18 ARG:81 44 37 38 51 67 23 6 35 5 73 97 16 74 33 99 89 84 1 9 54 56 90 10 66 86 78 52 15 34 71 98 68 80 94 92 36 28 82 59 13 64 24 87 26 3 50 58 55 63 22 39 45 41 91 12 76 21 11 53 60 61 83 47 96 2 75 88 77 79 57 43 69 17 27 85 42 0 19 14 48 32 62 65 46 20 70 30 93 4 95 72 18 7 31 49 25 8 29 40
TEST 19 ARG:5 45 61 90 63 1 59 88 83 37 95 71 81 85 23 58 52 42 70 53 51 14 7 62 74 3 22 19 35 12 18 9 60 80 43 29 38 27 87 36 10 98 79 92 24 2 21 55 8 76 93 86 73 50 17 69 46 6 65 84 33 44 72 30 66 78 34 28 31 40 57 89 16 15 64 56 39 82 49 20 41 32 54 77 0 26 94 68 96 99 67 25 91 13 48 4 75 97 47 11
TEST 19 ARG:5 45 61 90 63 1 59 88 83 37 95 71 81 85 23 58 52 42 70 53 51 14 7 62 74 3 22 19 35 12 18 9 60 80 43 29 38 27 87 36 10 98 79 92 24 2 21 55 8 76 93 86 73 50 17 69 46 6 65 84 33 44 72 30 66 78 34 28 31 40 57 89 16 15 64 56 39 82 49 20 41 32 54 77 0 26 94 68 96 99 67 25 91 13 48 4 75 97 47 11
TEST 20 ARG:40 53 80 76 72 1 81 34 65 90 84 37 61 24 51 2 18 78 30 60 19 46 8 67 23 57 29 6 69 45 16 50 13 89 93 74 9 12 99 17 64 97 83 5 94 4 43 25 71 56 21 52 20 7 82 11 85 73 96 70 55 3 98 58 49 47 75 44 77 68 86 79 0 32 33 48 59 22 54 88 92 26 27 28 91 31 62 14 63 66 10 42 15 87 35 38 36 95 39 41
TEST 20 ARG:40 53 80 76 72 1 81 34 65 90 84 37 61 24 51 2 18 78 30 60 19 46 8 67 23 57 29 6 69 45 16 50 13 89 93 74 9 12 99 17 64 97 83 5 94 4 43 25 71 56 21 52 20 7 82 11 85 73 96 70 55 3 98 58 49 47 75 44 77 68 86 79 0 32 33 48 59 22 54 88 92 26 27 28 91 31 62 14 63 66 10 42 15 87 35 38 36 95 39 41
TEST 21 ARG:44 24 15 18 92 20 49 10 13 30 38 85 37 72 41 53 73 36 45 42 27 4 59 55 91 74 58 69 86 77 23 93 89 6 2 29 75 9 35 60 48 26 50 88 87 21 32 95 19 94 96 40 5 61 43 25 31 90 80 7 1 28 82 8 57 33 46 71 78 79 99 16 3 0 68 56 14 70 11 39 52 66 54 97 22 83 64 84 65 81 47 51 12 63 17 62 76 98 34 67
TEST 21 ARG:44 24 15 18 92 20 49 10 13 30 38 85 37 72 41 53 73 36 45 42 27 4 59 55 91 74 58 69 86 77 23 93 89 6 2 29 75 9 35 60 48 26 50 88 87 21 32 95 19 94 96 40 5 61 43 25 31 90 80 7 1 28 82 8 57 33 46 71 78 79 99 16 3 0 68 56 14 70 11 39 52 66 54 97 22 83 64 84 65 81 47 51 12 63 17 62 76 98 34 67
TEST 22 ARG:34 8 16 94 19 41 9 67 50 23 56 25 28 62 76 77 54 98 42 75 96 22 63 68 1 71 51 93 32 17 49 61 91 55 69 57 20 2 13 29 45 53 83 74 27 40 11 48 12 33 78 4 35 24 99 15 14 31 18 66 47 46 44 97 58 95 72 87 85 6 43 79 59 88 70 81 73 86 52 38 36 21 92 26 80 0 7 60 65 10 82 90 89 84 5 3 39 30 64 37
TEST 22 ARG:34 8 16 94 19 41 9 67 50 23 56 25 28 62 76 77 54 98 42 75 96 22 63 68 1 71 51 93 32 17 49 61 91 55 69 57 20 2 13 29 45 53 83 74 27 40 11 48 12 33 78 4 35 24 99 15 14 31 18 66 47 46 44 97 58 95 72 87 85 6 43 79 59 88 70 81 73 86 52 38 36 21 92 26 80 0 7 60 65 10 82 90 89 84 5 3 39 30 64 37
TEST 23 ARG:68 51 6 2 73 84 16 0 40 9 55 26 36 80 62 54 95 4 75 39 69 59 19 72 81 28 79 41 90 86 76 78 58 82 33 44 30 43 24 64 65 47 74 92 17 46 70 53 18 89 49 5 21 66 20 96 34 61 10 25 63 37 71 7 57 99 87 32 35 1 97 88 50 29 94 8 13 85 31 52 48 23 77 93 27 38 45 42 91 98 14 60 3 83 67 15 12 11 56 22
TEST 23 ARG:68 51 6 2 73 84 16 0 40 9 55 26 36 80 62 54 95 4 75 39 69 59 19 72 81 28 79 41 90 86 76 78 58 82 33 44 30 43 24 64 65 47 74 92 17 46 70 53 18 89 49 5 21 66 20 96 34 61 10 25 63 37 71 7 57 99 87 32 35 1 97 88 50 29 94 8 13 85 31 52 48 23 77 93 27 38 45 42 91 98 14 60 3 83 67 15 12 11 56 22
TEST 24 ARG:18 82 97 0 10 61 25 1 44 68 42 95 50 9 76 28 23 66 63 16 65 74 98 17 99 73 34 41 14 72 84 7 54 36 40 12 62 20 5 48 56 92 49 52 35 77 88 90 67 2 57 31 30 8 89 55 38 47 91 46 3 80 37 4 94 60 15 78 6 32 43 69 53 75 13 21 96 26 11 59 27 33 71 87 83 79 39 86 64 22 45 24 19 85 29 51 93 81 70 58
TEST 24 ARG:18 82 97 0 10 61 25 1 44 68 42 95 50 9 76 28 23 66 63 16 65 74 98 17 99 73 34 41 14 72 84 7 54 36 40 12 62 20 5 48 56 92 49 52 35 77 88 90 67 2 57 31 30 8 89 55 38 47 91 46 3 80 37 4 94 60 15 78 6 32 43 69 53 75 13 21 96 26 11 59 27 33 71 87 83 79 39 86 64 22 45 24 19 85 29 51 93 81 70 58
TEST 25 ARG:43 56 46 1 10 52 20 50 19 90 29 33 53 72 3 25 39 17 30 55 49 81 48 14 22 41 37 24 66 34 82 99 54 61 44 74 23 89 96 62 80 84 7 97 26 42 69 32 51 36 8 71 0 45 38 11 60 57 65 68 67 18 16 73 95 15 40 31 76 9 92 63 85 28 21 78 94 5 91 27 13 87 6 79 77 86 88 59 75 12 35 4 70 98 93 83 2 47 64 58
TEST 25 ARG:43 56 46 1 10 52 20 50 19 90 29 33 53 72 3 25 39 17 30 55 49 81 48 14 22 41 37 24 66 34 82 99 54 61 44 74 23 89 96 62 80 84 7 97 26 42 69 32 51 36 8 71 0 45 38 11 60 57 65 68 67 18 16 73 95 15 40 31 76 9 92 63 85 28 21 78 94 5 91 27 13 87 6 79 77 86 88 59 75 12 35 4 70 98 93 83 2 47 64 58
TEST 26 ARG:23 85 38 78 8 29 62 69 41 28 2 99 64 47 15 97 68 4 98 16 95 34 26 25 80 92 79 91 27 42 33 74 24 93 11 40 76 51 21 56 94 6 37 13 71 70 86 82 89 50 84 10 48 66 45 36 57 55 12 52 90 73 32 3 7 67 46 30 22 53 61 83 77 44 63 60 59 18 58 31 1 65 54 72 9 75 19 0 14 39 96 20 5 88 49 87 17 43 81 35
TEST 27 ARG:90 49 86 30 91 68 59 21 32 6 17 62 47 79 23 83 89 84 51 69 87 28 54 2 37 94 13 88 5 75 72 63 92 16 48 35 8 98 7 76 97 70 36 14 44 58 43 65 95 15 34 22 10 67 53 64 50 38 33 1 42 46 41 99 77 29 57 9 56 39 12 66 80 74 25 3 27 71 31 52 96 93 73 0 24 82 55 81 11 85 20 45 19 60 40 18 26 78 61 4
TEST 27 ARG:90 49 86 30 91 68 59 21 32 6 17 62 47 79 23 83 89 84 51 69 87 28 54 2 37 94 13 88 5 75 72 63 92 16 48 35 8 98 7 76 97 70 36 14 44 58 43 65 95 15 34 22 10 67 53 64 50 38 33 1 42 46 41 99 77 29 57 9 56 39 12 66 80 74 25 3 27 71 31 52 96 93 73 0 24 82 55 81 11 85 20 45 19 60 40 18 26 78 61 4
TEST 28 ARG:47 91 77 12 30 7 84 45 41 96 68 27 42 54 90 21 85 61 8 23 79 75 43 73 28 76 52 31 33 49 1 0 51 24 69 3 22 10 6 14 37 40 95 71 62 93 46 99 11 34 35 5 15 97 25 53 48 55 60 29 32 86 88 87 26 94 81 89 98 56 82 36 16 20 39 64 38 80 4 83 92 66 70 67 9 44 57 72 50 19 17 63 58 18 74 65 59 2 78 13
TEST 28 ARG:47 91 77 12 30 7 84 45 41 96 68 27 42 54 90 21 85 61 8 23 79 75 43 73 28 76 52 31 33 49 1 0 51 24 69 3 22 10 6 14 37 40 95 71 62 93 46 99 11 34 35 5 15 97 25 53 48 55 60 29 32 86 88 87 26 94 81 89 98 56 82 36 16 20 39 64 38 80 4 83 92 66 70 67 9 44 57 72 50 19 17 63 58 18 74 65 59 2 78 13
TEST 29 ARG:66 25 90 86 60 43 19 63 5 6 21 92 96 13 42 16 98 83 51 67 57 71 36 2 56 23 49 12 69 1 52 33 88 46 78 26 32 27 94 84 72 70 77 18 80 85 58 4 44 93 34 22 14 10 31 37 64 61 79 29 9 53 59 65 91 47 40 76 30 97 62 89 68 7 48 38 95 11 75 8 20 82 24 0 74 15 99 41 54 17 87 28 35 39 50 45 81 55 3 73
TEST 29 ARG:66 25 90 86 60 43 19 63 5 6 21 92 96 13 42 16 98 83 51 67 57 71 36 2 56 23 49 12 69 1 52 33 88 46 78 26 32 27 94 84 72 70 77 18 80 85 58 4 44 93 34 22 14 10 31 37 64 61 79 29 9 53 59 65 91 47 40 76 30 97 62 89 68 7 48 38 95 11 75 8 20 82 24 0 74 15 99 41 54 17 87 28 35 39 50 45 81 55 3 73
TEST 30 ARG:39 79 75 28 65 57 97 36 76 5 31 89 15 18 63 48 93 92 32 68 90 24 91 50 42 70 80 73 67 33 71 58 51 3 26 7 25 16 59 30 61 34 47 40 72 98 74 82 35 77 83 52 53 96 86 49 99 6 22 69 4 45 54 46 95 8 19 9 84 23 56 1 87 27 14 10 66 85 64 38 41 55 12 20 37 17 81 94 44 21 11 60 2 78 13 29 88 0 43 62
TEST 30 ARG:39 79 75 28 65 57 97 36 76 5 31 89 15 18 63 48 93 92 32 68 90 24 91 50 42 70 80 73 67 33 71 58 51 3 26 7 25 16 59 30 61 34 47 40 72 98 74 82 35 77 83 52 53 96 86 49 99 6 22 69 4 45 54 46 95 8 19 9 84 23 56 1 87 27 14 10 66 85 64 38 41 55 12 20 37 17 81 94 44 21 11 60 2 78 13 29 88 0 43 62
TEST 31 ARG:33 46 72 20 93 37 21 11 75 49 58 83 16 18 23 87 35 28 17 71 50 14 15 95 54 34 38 67 48 45 51 62 85 86 13 27 6 80 53 88 56 2 5 60 1 47 61 90 91 36 96 7 73 4 25 64 59 44 78 32 77 30 82 8 10 65 12 39 79 99 94 29 52 84 40 43 92 66 69 74 31 9 3 76 57 19 63 98 89 22 42 68 26 41 55 97 70 0 81 24
TEST 31 ARG:33 46 72 20 93 37 21 11 75 49 58 83 16 18 23 87 35 28 17 71 50 14 15 95 54 34 38 67 48 45 51 62 85 86 13 27 6 80 53 88 56 2 5 60 1 47 61 90 91 36 96 7 73 4 25 64 59 44 78 32 77 30 82 8 10 65 12 39 79 99 94 29 52 84 40 43 92 66 69 74 31 9 3 76 57 19 63 98 89 22 42 68 26 41 55 97 70 0 81 24
TEST 32 ARG:53 21 0 61 33 15 87 19 52 98 9 54 67 68 24 25 40 73 75 37 23 93 50 91 95 30 81 99 12 84 59 63 10 3 17 31 6 27 72 11 96 44 46 48 92 28 94 47 13 5 89 42 85 29 22 97 57 78 43 74 26 51 71 90 41 7 16 49 62 8 79 1 45 86 58 38 36 35 65 56 77 88 66 83 82 20 34 4 60 55 76 64 69 32 80 14 2 70 39 18
TEST 32 ARG:53 21 0 61 33 15 87 19 52 98 9 54 67 68 24 25 40 73 75 37 23 93 50 91 95 30 81 99 12 84 59 63 10 3 17 31 6 27 72 11 96 44 46 48 92 28 94 47 13 5 89 42 85 29 22 97 57 78 43 74 26 51 71 90 41 7 16 49 62 8 79 1 45 86 58 38 36 35 65 56 77 88 66 83 82 20 34 4 60 55 76 64 69 32 80 14 2 70 39 18
TEST 33 ARG:37 87 82 70 36 29 47 84 86 3 12 62 21 94 99 5 7 63 75 79 35 57 64 81 17 15 26 14 78 67 38 22 61 45 42 30 39 28 49 93 98 72 33 8 89 0 53 32 65 16 74 77 43 97 40 51 20 13 52 34 19 48 46 80 44 68 1 76 10 24 58 92 41 71 60 83 2 4 90 55 73 95 54 96 6 85 91 11 27 88 25 69 59 23 50 56 18 66 9 31
TEST 33 ARG:37 87 82 70 36 29 47 84 86 3 12 62 21 94 99 5 7 63 75 79 35 57 64 81 17 15 26 14 78 67 38 22 61 45 42 30 39 28 49 93 98 72 33 8 89 0 53 32 65 16 74 77 43 97 40 51 20 13 52 34 19 48 46 80 44 68 1 76 10 24 58 92 41 71 60 83 2 4 90 55 73 95 54 96 6 85 91 11 27 88 25 69 59 23 50 56 18 66 9 31
TEST 34 ARG:61 37 85 99 12 76 86 36 14 93 70 73 84 42 15 43 81 33 17 28 1 60 45 66 44 49 90 83 59 35 31 55 54 96 80 98 47 68 56 77 7 88 20 57 13 0 18 10 95 27 72 87 51 50 29 92 34 5 97 11 26 38 53 48 40 8 6 67 91 25 2 39 41 79 16 78 19 32 46 4 58 52 62 63 21 23 69 24 64 94 30 82 75 9 3 71 22 65 74 89
TEST 34 ARG:61 37 85 99 12 76 86 36 14 93 70 73 84 42 15 43 81 33 17 28 1 60 45 66 44 49 90 83 59 35 31 55 54 96 80 98 47 68 56 77 7 88 20 57 13 0 18 10 95 27 72 87 51 50 29 92 34 5 97 11 26 38 53 48 40 8 6 67 91 25 2 39 41 79 16 78 19 32 46 4 58 52 62 63 21 23 69 24 64 94 30 82 75 9 3 71 22 65 74 89
TEST 35 ARG:53 19 26 83 57 51 21 79 99 33 45 77 98 92 50 38 52 69 97 62 64 4 3 88 54 80 24 75 25 76 72 35 31 30 47 2 5 87 1 15 22 91 8 90 61 67 78 94 29 10 40 17 85 71 68 7 81 66 14 23 96 41 39 46 48 36 82 6 84 73 0 49 43 20 59 74 56 44 37 12 32 18 89 55 9 11 27 93 63 58 13 28 65 70 86 42 34 16 60 95
TEST 35 ARG:53 19 26 83 57 51 21 79 99 33 45 77 98 92 50 38 52 69 97 62 64 4 3 88 54 80 24 75 25 76 72 35 31 30 47 2 5 87 1 15 22 91 8 90 61 67 78 94 29 10 40 17 85 71 68 7 81 66 14 23 96 41 39 46 48 36 82 6 84 73 0 49 43 20 59 74 56 44 37 12 32 18 89 55 9 11 27 93 63 58 13 28 65 70 86 42 34 16 60 95
TEST 36 ARG:13 41 26 15 98 83 82 18 19 56 42 92 88 89 49 63 86 99 50 54 21 14 24 68 34 47 4 17 27 16 60 76 77 74 93 29 57 30 90 84 69 28 58 80 94 65 97 36 46 8 71 73 20 59 45 38 22 51 40 62 23 79 9 53 31 55 6 52 7 81 44 3 78 5 70 64 12 2 1 43 32 10 25 39 87 48 95 75 61 72 37 66 11 96 85 33 0 35 91 67
TEST 36 ARG:13 41 26 15 98 83 82 18 19 56 42 92 88 89 49 63 86 99 50 54 21 14 24 68 34 47 4 17 27 16 60 76 77 74 93 29 57 30 90 84 69 28 58 80 94 65 97 36 46 8 71 73 20 59 45 38 22 51 40 62 23 79 9 53 31 55 6 52 7 81 44 3 78 5 70 64 12 2 1 43 32 10 25 39 87 48 95 75 61 72 37 66 11 96 85 33 0 35 91 67
TEST 37 ARG:84 81 52 57 7 32 67 64 31 25 11 4 49 88 16 48 37 3 95 0 24 76 87 2 90 83 86 69 56 63 12 30 46 5 28 65 79 8 38 17 92 47 91 73 51 55 21 1 43 98 75 50 36 33 13 14 40 93 54 58 6 19 68 15 77 59 41 85 20 89 34 74 97 22 70 23 29 80 26 27 94 61 66 96 60 39 62 99 35 42 45 44 18 9 71 10 82 78 53 72
TEST 37 ARG:84 81 52 57 7 32 67 64 31 25 11 4 49 88 16 48 37 3 95 0 24 76 87 2 90 83 86 69 56 63 12 30 46 5 28 65 79 8 38 17 92 47 91 73 51 55 21 1 43 98 75 50 36 33 13 14 40 93 54 58 6 19 68 15 77 59 41 85 20 89 34 74 97 22 70 23 29 80 26 27 94 61 66 96 60 39 62 99 35 42 45 44 18 9 71 10 82 78 53 72
TEST 38 ARG:28 82 30 21 54 88 46 13 74 49 73 69 41 6 55 14 32 45 99 18 11 0 7 44 16 85 2 29 38 91 59 57 70 9 26 40 71 77 43 95 61 20 65 86 66 31 25 39 33 68 89 63 90 27 56 36 47 51 3 34 24 42 94 22 81 92 78 83 15 35 4 79 10 84 53 75 72 98 5 19 23 48 96 76 60 37 87 17 52 8 80 58 64 97 93 12 50 62 67 1
TEST 38 ARG:28 82 30 21 54 88 46 13 74 49 73 69 41 6 55 14 32 45 99 18 11 0 7 44 16 85 2 29 38 91 59 57 70 9 26 40 71 77 43 95 61 20 65 86 66 31 25 39 33 68 89 63 90 27 56 36 47 51 3 34 24 42 94 22 81 92 78 83 15 35 4 79 10 84 53 75 72 98 5 19 23 48 96 76 60 37 87 17 52 8 80 58 64 97 93 12 50 62 67 1
TEST 39 ARG:52 30 66 17 83 63 33 49 62 55 93 91 96 60 2 22 57 44 74 41 70 75 27 67 45 98 56 14 23 58 28 73 47 50 88 12 39 40 85 82 54 35 97 90 43 38 36 37 69 87 79 13 34 80 0 10 20 64 15 48 5 42 95 76 61 7 72 32 4 21 92 81 71 53 31 68 25 77 24 78 51 6 59 99 65 16 84 9 8 18 3 94 46 1 19 86 89 26 29 11
TEST 39 ARG:52 30 66 17 83 63 33 49 62 55 93 91 96 60 2 22 57 44 74 41 70 75 27 67 45 98 56 14 23 58 28 73 47 50 88 12 39 40 85 82 54 35 97 90 43 38 36 37 69 87 79 13 34 80 0 10 20 64 15 48 5 42 95 76 61 7 72 32 4 21 92 81 71 53 31 68 25 77 24 78 51 6 59 99 65 16 84 9 8 18 3 94 46 1 19 86 89 26 29 11
TEST 40 ARG:61 27 37 26 17 57 54 11 6 29 84 72 24 67 9 50 8 47 82 14 76 75 25 39 95 42 38 85 20 89 81 55 28 15 79 97 65 32 3 68 49 51 73 99 36 48 98 94 91 96 19 23 22 90 92 13 66 87 41 77 63 35 16 46 21 59 58 1 43 60 71 34 74 78 86 18 62 12 80 45 70 31 83 7 2 64 30 33 10 40 4 0 69 5 88 93 52 44 53 56
TEST 40 ARG:61 27 37 26 17 57 54 11 6 29 84 72 24 67 9 50 8 47 82 14 76 75 25 39 95 42 38 85 20 89 81 55 28 15 79 97 65 32 3 68 49 51 73 99 36 48 98 94 91 96 19 23 22 90 92 13 66 87 41 77 63 35 16 46 21 59 58 1 43 60 71 34 74 78 86 18 62 12 80 45 70 31 83 7 2 64 30 33 10 40 4 0 69 5 88 93 52 44 53 56
TEST 41 ARG:62 10 18 38 2 8 50 25 71 43 65 56 11 31 99 4 70 9 7 20 44 78 81 89 76 23 47 0 3 86 95 37 29 39 40 28 21 55 19 14 34 69 15 33 88 13 83 53 5 91 48 80 98 12 36 75 41 32 30 17 68 26 61 22 52 35 94 24 90 58 66 6 93 79 27 51 73 97 46 60 16 74 77 1 64 85 57 54 84 67 59 63 72 45 96 87 82 49 42 92
TEST 41 ARG:62 10 18 38 2 8 50 25 71 43 65 56 11 31 99 4 70 9 7 20 44 78 81 89 76 23 47 0 3 86 95 37 29 39 40 28 21 55 19 14 34 69 15 33 88 13 83 53 5 91 48 80 98 12 36 75 41 32 30 17 68 26 61 22 52 35 94 24 90 58 66 6 93 79 27 51 73 97 46 60 16 74 77 1 64 85 57 54 84 67 59 63 72 45 96 87 82 49 42 92
TEST 42 ARG:54 11 92 4 79 51 7 53 90 55 20 80 39 42 56 47 63 76 19 34 72 22 3 23 26 0 85 93 49 5 57 8 87 64 46 83 97 18 29 73 31 6 30 16 48 58 91 25 14 62 36 12 60 27 43 10 68 75 86 94 15 13 77 1 45 99 96 50 9 82 38 24 81 35 61 32 88 95 89 74 84 66 17 44 69 98 28 65 70 40 2 52 21 71 41 59 33 37 67 78
TEST 42 ARG:54 11 92 4 79 51 7 53 90 55 20 80 39 42 56 47 63 76 19 34 72 22 3 23 26 0 85 93 49 5 57 8 87 64 46 83 97 18 29 73 31 6 30 16 48 58 91 25 14 62 36 12 60 27 43 10 68 75 86 94 15 13 77 1 45 99 96 50 9 82 38 24 81 35 61 32 88 95 89 74 84 66 17 44 69 98 28 65 70 40 2 52 21 71 41 59 33 37 67 78
